             withNMS: 0.489976   0.676608  
          withoutNMS: 0.020410   0.005345  
